(1, 0.5456524697237719, 1.3568448226820085, 1.0767553053901744)
(2, 0.5872907878622942, 1.2173202059130064, 0.9465797917443851)
(3, 0.6311062729623078, 1.119831014549136, 1.2097614303354942)
(4, 0.6675738195672881, 1.00859567556555, 0.735991189268478)
(5, 0.6727445911008301, 1.0094662465478146, 0.7135936011705765)
(6, 0.6543747448632466, 1.0901976117644532, 0.8722488800886051)
(7, 0.6619948292284664, 1.0586114855012254, 0.7888771167879739)
(8, 0.6853993740644986, 0.9910979519907239, 0.7820694204440131)
(9, 0.6799564566607702, 0.9988541502156065, 0.7304089268508266)
(10, 0.6681181113076609, 1.0072106909243688, 0.7452025126572547)
(11, 0.663627704449585, 1.0582118256574795, 0.9095028713355667)
(12, 0.6230779697918084, 1.1661107516783553, 0.8799584073804939)
(13, 0.638318138522248, 1.1161451905839141, 0.8598764865726606)
(14, 0.6490679003946115, 1.098768413738252, 0.7418264439527227)
(15, 0.6741053204517622, 0.9930298141953506, 0.7622139665014762)
(16, 0.6757381956728806, 1.0189720495573096, 0.827088810653549)
(17, 0.6855354469995918, 0.9928185362426325, 0.7210261860439553)
(18, 0.6874404680908968, 0.9850849328145661, 0.7344906919493371)
(19, 0.6809089672064227, 0.9860074541027863, 0.7282142363342664)
(20, 0.6698870594638726, 1.016876810752362, 0.7267949530113617)
(21, 0.677915362634372, 1.0017070453749872, 0.786146329178449)
(22, 0.6722002993604572, 0.9974487309729698, 0.6833009688314466)
(23, 0.6839025717784732, 0.993044537065008, 0.749133587956315)
(24, 0.6758742686079738, 1.0154589935138585, 0.7125399350860421)
(25, 0.6670295278269153, 1.0195540696188266, 0.705960612255871)
(26, 0.6614505374880936, 1.032582835439885, 0.7263984159948218)
(27, 0.6682541842427541, 1.017784951791283, 0.7034088432784793)
(28, 0.675329976867601, 1.0204478277937559, 0.7536857432250297)
(29, 0.6653966526057967, 1.0307081506938736, 0.7636061478639402)
(30, 0.680500748401143, 1.0087423227584753, 0.6967226395907695)
(31, 0.669478840658593, 1.0207073165221396, 0.7246403570840045)
(32, 0.6664852360865424, 1.0212592599964414, 0.709240120230775)
(33, 0.6602258810722548, 1.0395328096018468, 0.7043485595871556)
(34, 0.6783235814396517, 1.0202743538304557, 0.6714709278096729)
(35, 0.6709756429446183, 1.0148601466235645, 0.7265867371361543)
(36, 0.669478840658593, 1.0231654618656278, 0.7936825814018625)
(37, 0.6818614777520751, 0.9851954252886946, 0.7601754614585482)
(38, 0.672064226425364, 1.0207511915852558, 1.2327866655483914)
(39, 0.6123282079194449, 1.1846461128945638, 0.9669139148037785)
(40, 0.6078378010613689, 1.1835175576775805, 0.9706104517258829)
(41, 0.6128724996598177, 1.1719872161758318, 0.8868721301039244)
(42, 0.6194040005442918, 1.151395891005744, 0.8982280370336742)
(43, 0.6236222615321813, 1.1370865546009137, 0.8859801508271311)
(44, 0.6166825418424275, 1.1481612195649211, 0.8616063649541555)
(45, 0.6085181657368349, 1.1381466575256955, 0.9660978218095421)
(46, 0.6087903116070214, 1.1504383669697051, 0.9420669424242635)
(47, 0.6115117703088856, 1.1477068742449312, 0.8466511997589451)
(48, 0.6188597088039189, 1.1294306496783866, 0.8961269449631222)
(49, 0.6244386991427405, 1.1304278058185295, 0.8458545463941444)
(50, 0.6240304803374609, 1.1354560458341736, 0.9173819446266022)
(51, 0.6245747720778337, 1.1219234761674841, 0.9212301265109669)
(52, 0.6262076472989523, 1.11904469761857, 0.9096997228334974)
(53, 0.6346441692747312, 1.1160519953246077, 0.8739852363139261)
(54, 0.6294733977411893, 1.115226651041389, 0.817297498858293)
(55, 0.6358688256905701, 1.107601763020058, 0.8238147271753461)
(56, 0.6252551367532998, 1.1094229801675521, 0.8471601875493822)
(57, 0.6433528371206967, 1.0974989007306406, 0.8261346052449945)
(58, 0.6471628793033066, 1.0925517480676248, 0.8572311300234783)
(59, 0.6392706490679004, 1.0861390537809197, 0.8206138760682903)
(60, 0.6502925568104504, 1.084057779316177, 0.8149293728971779)
(61, 0.6404953054837392, 1.0976923643530345, 0.812689243672364)
(62, 0.6392706490679004, 1.0919625366803776, 0.818911559620206)
(63, 0.6391345761328072, 1.0994744759054136, 0.8129507091117412)
(64, 0.6402231596135529, 1.0946109376735138, 0.8459396995533061)
(65, 0.6336916587290787, 1.111567890185924, 0.8039678641162492)
(66, 0.6399510137433665, 1.0916096522399343, 0.880649366622378)
(67, 0.6275683766498843, 1.1267419042044862, 0.773334806155318)
(68, 0.6432167641856035, 1.0956133888041446, 0.7635794708045949)
(69, 0.6402231596135529, 1.106576992210167, 0.8247892664269902)
(70, 0.6317866376377739, 1.1004847646641323, 0.8501728027070394)
(71, 0.6440332017961627, 1.0890531760722237, 0.7843294630621073)
(72, 0.6434889100557899, 1.0944223551926078, 0.9110852206865032)
(73, 0.6530140155123146, 1.0624669190843885, 0.7503761410506348)
(74, 0.6615866104231868, 1.059768422480517, 0.7327137773123428)
(75, 0.6407674513539257, 1.0831294631144497, 0.8098803135623702)
(76, 0.6459382228874677, 1.0720062006363869, 0.7502070354621211)
(77, 0.6538304531228739, 1.0630066336319623, 0.793955899935234)
(78, 0.6534222343175943, 1.066149632724287, 0.7334959525827909)
(79, 0.6460742958225609, 1.0709926209011564, 0.7340747168531999)
(80, 0.6560076200843652, 1.064752906852237, 0.7893796399946511)
(81, 0.6609062457477208, 1.0569525665280657, 0.761506067955979)
(82, 0.6570962035651109, 1.0611241463398202, 0.8252491516020062)
(83, 0.6400870866784597, 1.0798938606668895, 0.7580604872701281)
(84, 0.6587290787862294, 1.0569090100744623, 0.875840116501114)
(85, 0.6478432439787726, 1.0695867379468682, 0.7654334222629188)
(86, 0.6489318274595183, 1.0702529015739477, 0.7420087822722591)
(87, 0.6528779425772214, 1.0664986825504605, 0.7792342305223969)
(88, 0.6332834399237992, 1.1139099911520978, 0.8542481982795583)
(89, 0.6339638045992652, 1.0979860752233996, 0.7447879531633192)
(90, 0.6463464416927474, 1.0740850604082115, 0.7772810334881193)
(91, 0.657776568240577, 1.0603240277849733, 0.797215143437652)
(92, 0.6535583072526875, 1.0586316480091007, 0.7852436923890876)
(93, 0.6530140155123146, 1.062510595314481, 0.7827352799128419)
(94, 0.6572322765002041, 1.0711178200492297, 0.7638051393743509)
(95, 0.6477071710436794, 1.0544734199360277, 0.8544729939039856)
(96, 0.6502925568104504, 1.0826622653629567, 0.7956618157154072)
(97, 0.6621309021635596, 1.056191741220425, 0.742794307868443)
(98, 0.6541025989930603, 1.0634711700804023, 0.7725645040664325)
(99, 0.6527418696421282, 1.0724809505934172, 0.8046685420422853)
(100, 0.6568240576949245, 1.0680518338224299, 0.8609223015683465)
