(1, 0.6552790230329263, 0.9112085044754862, 0.8103338515862637)
(2, 0.6644509712990159, 0.8272691974052858, 0.7909942983749397)
(3, 0.6660225691760705, 0.8123706242244234, 0.7813276143964005)
(4, 0.6659452774771989, 0.8057920752301853, 0.7751324793306021)
(5, 0.6689854176328129, 0.7980063832763765, 0.7750525360038759)
(6, 0.666434791570052, 0.7933175943177199, 0.7672974596754688)
(7, 0.6685216674395836, 0.7913328356934443, 0.7659201372474721)
(8, 0.668805070335446, 0.7893141441519356, 0.763919559754389)
(9, 0.6688565981346937, 0.7862346026752965, 0.7615823680060803)
(10, 0.6682382645437214, 0.7847189410553908, 0.7601318466723292)
(11, 0.6695779873241614, 0.7847689214792528, 0.7599254987827145)
(12, 0.6694491678260421, 0.781120329795036, 0.7629605542203598)
(13, 0.6706858350079868, 0.7816259006527124, 0.7599825524588436)
(14, 0.6728500025763899, 0.7807316220810658, 0.7610887515616437)
(15, 0.669474931725666, 0.7816363532533891, 0.7602401546353389)
(16, 0.6725150718812799, 0.7794143273218691, 0.7564323807874677)
(17, 0.670325140413253, 0.779875080607503, 0.7606443535187821)
(18, 0.6716390992940692, 0.7769079201736424, 0.757084461852728)
(19, 0.6707373628072345, 0.7766243470007475, 0.7585345152148342)
(20, 0.6737259751636008, 0.7763669211916552, 0.7584844857230564)
(21, 0.6729530581748854, 0.775258714990464, 0.7577234479861646)
(22, 0.67218014118617, 0.7756626975732857, 0.7575062077727298)
(23, 0.6726954191786468, 0.7771842530118738, 0.7575111631443201)
(24, 0.6738805585613439, 0.7757450092446994, 0.7584055007389934)
(25, 0.6726181274797753, 0.7747669071482352, 0.7581703658151393)
(26, 0.6727727108775184, 0.7744242802039295, 0.7596538959530414)
(27, 0.6716390992940692, 0.7754482497117983, 0.7592684681518727)
(28, 0.6730561137733807, 0.775952381859364, 0.7603033064831414)
(29, 0.6721028494872984, 0.7758081588274495, 0.7602461065161331)
(30, 0.672334724583913, 0.7744042957863758, 0.7574288866981882)
(31, 0.6715875714948215, 0.7736535195053855, 0.759011558675673)
(32, 0.675039934044417, 0.7737193594040047, 0.7595345795719767)
(33, 0.6738290307620961, 0.7731794658524039, 0.7617437097782045)
(34, 0.6736229195651053, 0.7734407455588216, 0.7627015567042625)
(35, 0.6735713917658577, 0.7734869763223894, 0.7603744981618197)
(36, 0.6727727108775184, 0.7731421303972882, 0.7604970534903771)
(37, 0.6726954191786468, 0.7735271544181573, 0.7604673635515474)
(38, 0.6745504199515638, 0.7731707358454336, 0.7608401107920341)
(39, 0.6742154892564538, 0.7752057267474081, 0.7638936972886836)
(40, 0.6736486834647292, 0.772338972609762, 0.7624618636115613)
(41, 0.6744216004534447, 0.7728191769026539, 0.7616966130591754)
(42, 0.6736744473643531, 0.7732893890616018, 0.7629846739579598)
(43, 0.6734683361673623, 0.7740923803593515, 0.7631073251042096)
(44, 0.6746019477508116, 0.7722624932045452, 0.7681096676122251)
(45, 0.6742154892564538, 0.7732879389139736, 0.7627955438820135)
(46, 0.6757613232338847, 0.772623409505922, 0.7619329296794596)
(47, 0.6732364610707476, 0.7737236731116467, 0.764504021904594)
(48, 0.6758386149327562, 0.772075306580777, 0.761440116679032)
(49, 0.6740866697583346, 0.7709726284836766, 0.7607466846825037)
(50, 0.6728242386767661, 0.7724978452873427, 0.7615683174894474)
(51, 0.6746019477508116, 0.7704017811164892, 0.7630991740750214)
(52, 0.6744473643530685, 0.7718495249853398, 0.7638975908227459)
(53, 0.6750656979440408, 0.7726300732441721, 0.7670065819635764)
(54, 0.6742412531560777, 0.77367086444045, 0.7628065869816363)
(55, 0.6723089606842891, 0.7733375004813249, 0.7629852278727152)
(56, 0.6747565311485546, 0.770872008193411, 0.7628753340405622)
(57, 0.6746277116504354, 0.7715998896505362, 0.763352080300607)
(58, 0.6739320863605915, 0.7721032162104904, 0.7661898792752045)
(59, 0.6739578502602154, 0.7715041259980879, 0.7622340106482872)
(60, 0.67351986396661, 0.7726606900273514, 0.7606921228683838)
(61, 0.6750914618436646, 0.7719214982700802, 0.7645818324643752)
(62, 0.6751429896429123, 0.770440832280941, 0.7610708642882476)
(63, 0.6753233369402792, 0.7694100050683916, 0.7600523984086759)
(64, 0.6750914618436646, 0.770405507755604, 0.7592291319090114)
(65, 0.6760704900293708, 0.7689796394830261, 0.7591577694194334)
(66, 0.6746534755500593, 0.7702889263707877, 0.759055667305395)
(67, 0.6749884062451693, 0.7697845924253958, 0.7610129409622373)
(68, 0.6743958365538207, 0.770449602947516, 0.7598678310580554)
(69, 0.6736229195651053, 0.7694755396539904, 0.7603413344191574)
(70, 0.6763023651259855, 0.7701086366096016, 0.7625508024536748)
(71, 0.6751429896429123, 0.77234315320114, 0.7608397200446483)
(72, 0.6757097954346369, 0.7691756377765439, 0.7584440119401938)
(73, 0.67418972535683, 0.7702874967515246, 0.7614394019373794)
(74, 0.6750141701447931, 0.77006617612941, 0.7571808632720834)
(75, 0.6743185448549492, 0.7692852338021263, 0.7612013480287035)
(76, 0.674009378059463, 0.7713426819278354, 0.7582441264981644)
(77, 0.6745504199515638, 0.7688898711018389, 0.7597198646718996)
(78, 0.6731849332715, 0.7699297760870478, 0.7592096961335947)
(79, 0.6756325037357654, 0.7691146830732959, 0.7595068823515361)
(80, 0.6756067398361416, 0.7693296568734282, 0.7596549770556196)
(81, 0.6758901427320039, 0.7670804589307055, 0.7600872710165384)
(82, 0.6759416705312516, 0.7692365464585241, 0.7587866228462854)
(83, 0.6750656979440408, 0.767986909985346, 0.7581992591996644)
(84, 0.6733395166692431, 0.7687067864561261, 0.7590089129610078)
(85, 0.6755809759365178, 0.7680570499794471, 0.7602061465926607)
(86, 0.6757613232338847, 0.7669448087520937, 0.7577062542150017)
(87, 0.6764311846241047, 0.7665255840652959, 0.7641693107466763)
(88, 0.6758386149327562, 0.7676347277914544, 0.7570734503434701)
(89, 0.67452465605194, 0.7653951322834867, 0.7579557476203386)
(90, 0.676044726129747, 0.7673017734614861, 0.7586556088797384)
(91, 0.6783119492966455, 0.7671672337227757, 0.7588709544333906)
(92, 0.6763538929252332, 0.7653760691886851, 0.7580750377763895)
(93, 0.6748338228474262, 0.7660286473791162, 0.7585126237425844)
(94, 0.6751945174421601, 0.7661168464136356, 0.760912912816564)
(95, 0.674035141959087, 0.7665692872010539, 0.7577721494312196)
(96, 0.6774102128098108, 0.7652214036467415, 0.7593130208502933)
(97, 0.6754521564383985, 0.7661456908844143, 0.76036564446549)
(98, 0.676560004122224, 0.7651758044473246, 0.7568084281423584)
(99, 0.6767918792188385, 0.7647413467419936, 0.7570204406682608)
(100, 0.6759159066316278, 0.7649447541736769, 0.7565207972651656)
