(1, 0.5378214046478075, 1.2245445393437429, 0.9133321973033988)
(2, 0.5535373834183542, 1.1615212613706836, 0.9000865565993964)
(3, 0.5607770392126552, 1.1383454948021139, 0.8999395410926775)
(4, 0.5579687741536559, 1.133867464681669, 0.8804752955730153)
(5, 0.5672437780182409, 1.1255266686565815, 0.8809466908119468)
(6, 0.5640748183645077, 1.1315048750541394, 0.8906177709019825)
(7, 0.5663162776317824, 1.1325082456685471, 0.8902680834725163)
(8, 0.5625805121863245, 1.1396851590981645, 0.8934392007149385)
(9, 0.5672437780182409, 1.12474299466207, 0.8864116984247044)
(10, 0.567552944813727, 1.1152728009597466, 0.8823034864210424)
(11, 0.5709022517648271, 1.1150993117808754, 0.8814590208652424)
(12, 0.5708249600659556, 1.1092409872317341, 0.8887110290065827)
(13, 0.5693564177873963, 1.1164605130876315, 0.8768506423998012)
(14, 0.5728860720358634, 1.1094898648283438, 0.8632345107548829)
(15, 0.5762611428865874, 1.1057611078442566, 0.8695890595406021)
(16, 0.5722419745452672, 1.1034324371809776, 0.8689967415298516)
(17, 0.5682485701035709, 1.1143841515027189, 0.8794335069916709)
(18, 0.5755655175967435, 1.1042662415819124, 0.8749018920662107)
(19, 0.5744319060132942, 1.0987869088545716, 0.8748370594819477)
(20, 0.5757201009944866, 1.1020413228764285, 0.8622613690419565)
(21, 0.5747926006080281, 1.0968444402618853, 0.8627111248731134)
(22, 0.573942391920441, 1.097117655795906, 0.8774573875157892)
(23, 0.5761838511877158, 1.099669046559777, 0.866875555448823)
(24, 0.5771886432730458, 1.089846577532096, 0.8709858361054582)
(25, 0.5781934353583759, 1.0921600848249582, 0.8664147319932716)
(26, 0.5788117689493482, 1.0874315535806773, 0.8611740802571072)
(27, 0.5816715618075952, 1.0881946262101951, 0.8639629988177749)
(28, 0.5810017004173752, 1.0852890233990333, 0.8671157464560105)
(29, 0.5788890606482198, 1.081971402605734, 0.871006151164277)
(30, 0.5783995465553666, 1.086518283894242, 0.8523590210182119)
(31, 0.5788117689493482, 1.0823958484675398, 0.8528131823263058)
(32, 0.5785541299531097, 1.0819772907538079, 0.8770983856757634)
(33, 0.5809501726181274, 1.0791247565762943, 0.8503350974270317)
(34, 0.579687741536559, 1.0834316232722012, 0.8675529077537009)
(35, 0.5767764208790642, 1.0901477123683763, 0.8511576574450483)
(36, 0.5790436440459628, 1.0812841011622543, 0.861117380548633)
(37, 0.5838614932756222, 1.077010342026686, 0.8696581669951129)
(38, 0.5798938527335498, 1.0786087757882805, 0.8601833354990027)
(39, 0.5785798938527336, 1.0806973450843322, 0.8525106067923091)
(40, 0.581542742309476, 1.081880481942959, 0.8554807692377651)
(41, 0.5762869067862112, 1.0842746619534218, 0.8613254635417312)
(42, 0.5812335755139898, 1.0769410545043154, 0.843075629109103)
(43, 0.5804091307260267, 1.0785197968697282, 0.8522381936158211)
(44, 0.5861544803421446, 1.0765520520536123, 0.86091862324985)
(45, 0.5839903127737415, 1.0765378935874996, 0.8637508443346236)
(46, 0.5872108002267223, 1.0707222995386523, 0.8572650041873094)
(47, 0.5821610759004483, 1.0749888570634965, 0.8585726588543673)
(48, 0.5799969083320451, 1.0752126483006068, 0.8573667134582462)
(49, 0.5786056577523574, 1.0809876454505842, 0.8582253724967808)
(50, 0.5808471170196321, 1.0761575012080962, 0.8618235265417442)
(51, 0.5769310042768073, 1.0822270218139547, 0.8622534611056689)
(52, 0.5799969083320451, 1.0791292288395096, 0.8520680691163454)
(53, 0.5826763538929253, 1.0755082308426795, 0.8511647344384994)
(54, 0.5806410058226413, 1.0784242831019586, 0.8523555420270768)
(55, 0.5789148245478436, 1.079465769669267, 0.8673809318582778)
(56, 0.5773432266707889, 1.080081610477687, 0.861951892913512)
(57, 0.5790436440459628, 1.0801293315008296, 0.8695125003106985)
(58, 0.5782191992579997, 1.0773849448337618, 0.8516303723535746)
(59, 0.5810789921162467, 1.0752762252297026, 0.8598179512741786)
(60, 0.5813108672128613, 1.0768236531177549, 0.8461130043916157)
(61, 0.5883959396094193, 1.0667053614050332, 0.8484637573769133)
(62, 0.5848662853609522, 1.0696596532438425, 0.8500548386893529)
(63, 0.5819034369042099, 1.0715862795891578, 0.8419621499178706)
(64, 0.5857680218477869, 1.064827156017917, 0.8545280464218533)
(65, 0.5851754521564384, 1.0746437237468096, 0.8406891270229574)
(66, 0.5885505230071624, 1.0596202050142598, 0.8441568969433226)
(67, 0.5881640645128047, 1.0658867555200773, 0.854134958263133)
(68, 0.5913330241665379, 1.0579811710291414, 0.8493680377406065)
(69, 0.5885505230071624, 1.0618893704260741, 0.8319810785734812)
(70, 0.5904312876797032, 1.0613773842090735, 0.8442875804080308)
(71, 0.586747050033493, 1.0656249161744706, 0.8488788283024512)
(72, 0.5861287164425207, 1.0639041126581175, 0.8582485800156529)
(73, 0.5834492708816407, 1.0664811976605362, 0.8442588967930456)
(74, 0.5798938527335498, 1.0666109051908785, 0.8560725159126865)
(75, 0.5841448961714845, 1.0649610655595827, 0.8488287482555411)
(76, 0.5869016334312361, 1.0585779392723338, 0.8541742764781164)
(77, 0.5864121193383831, 1.0562217770634887, 0.8488896383016942)
(78, 0.5800484361312929, 1.0668922697008731, 0.8466640668444617)
(79, 0.5842994795692276, 1.0643661527903028, 0.8519613448790357)
(80, 0.5816457979079713, 1.0612044898888984, 0.8434185670527689)
(81, 0.5837842015767507, 1.0623815579494098, 0.8398095412976678)
(82, 0.5844798268665945, 1.0693324177038896, 0.8512111228252335)
(83, 0.5847117019632091, 1.0628969526601633, 0.8497678572005812)
(84, 0.5842737156696037, 1.0640917829592373, 0.8458838709313808)
(85, 0.5858710774462823, 1.0585695874541878, 0.8439263776927575)
(86, 0.5874942031225846, 1.0550293637541441, 0.8466111792432491)
(87, 0.584737465862833, 1.0610247448725185, 0.8426677765963766)
(88, 0.5826505899933014, 1.0642599137601665, 0.8401242798849085)
(89, 0.5836553820786314, 1.061280773255323, 0.8520168705570701)
(90, 0.5874942031225846, 1.057016700084771, 0.8477843667339335)
(91, 0.5839645488741176, 1.0660422082765628, 0.8439413590096978)
(92, 0.5883701757097954, 1.0585851820369387, 0.8430894072275364)
(93, 0.589452259493997, 1.0506221966646847, 0.8412016167273831)
(94, 0.5872365641263462, 1.0504885801670958, 0.8377588791023096)
(95, 0.5880610089143092, 1.053291710959915, 0.8494399600832853)
(96, 0.5859998969444015, 1.0567912703030917, 0.84267553143525)
(97, 0.5903539959808317, 1.0537953013349302, 0.8354240705065354)
(98, 0.5896583706909878, 1.0559493941390483, 0.8452371895907589)
(99, 0.5900190652857217, 1.0493932262911665, 0.8344372813148829)
(100, 0.5875457309218324, 1.055493467006593, 0.8457587483057494)
