(1, 0.5005668057917246, 1.263409119591362, 0.8901546262262237)
(2, 0.52089452259494, 1.219683607916306, 0.9006384502799563)
(3, 0.5195547998144999, 1.2209897164451944, 0.896479475711512)
(4, 0.5256350801257278, 1.2078363434360957, 0.9033187590274543)
(5, 0.5267171639099294, 1.206792004826452, 0.9129868356312696)
(6, 0.5318184160354511, 1.1937081741330147, 0.866538165760485)
(7, 0.525428968928737, 1.1943321219045722, 0.9015373077961903)
(8, 0.5233420930592054, 1.193389372596646, 0.8721824262015146)
(9, 0.528804039779461, 1.190696063565059, 0.9025643287025186)
(10, 0.5292420260730665, 1.188737629073562, 0.8685404470559557)
(11, 0.5271551502035348, 1.189015349318706, 0.9027501359101264)
(12, 0.5316123048384603, 1.1828034892537174, 0.8715237990439424)
(13, 0.5350131395888081, 1.1800640860732068, 0.8623211417843617)
(14, 0.530659040552378, 1.1858854968739616, 0.8703622524500335)
(15, 0.5355284175812851, 1.183228913036595, 0.9096987669623096)
(16, 0.5331323749162673, 1.175882676053784, 0.8710308801572826)
(17, 0.5405266141083115, 1.1715467713692438, 0.8792542455402905)
(18, 0.533518833410625, 1.180998504723018, 0.861443426723021)
(19, 0.5343432781985882, 1.1764997463957831, 0.8695048794409891)
(20, 0.5331323749162673, 1.1769402251900059, 0.8779720668877251)
(21, 0.5345751532952028, 1.1779179344832023, 0.8726354273867143)
(22, 0.537409182253826, 1.1764978883140043, 0.8689608149630537)
(23, 0.5365332096666151, 1.174664128469532, 0.8703289329406713)
(24, 0.5328747359200289, 1.1744293840478228, 0.8571455642591737)
(25, 0.536378626268872, 1.1693674483027314, 0.8648614192998287)
(26, 0.532514041325295, 1.1705141149413472, 0.8787848343326912)
(27, 0.5360179316741382, 1.1619144334194018, 0.861094210377111)
(28, 0.5352707785850467, 1.1672100095566782, 0.8693750509079444)
(29, 0.5363528623692482, 1.1657317171646195, 0.853496419425006)
(30, 0.5364559179677436, 1.1626148139350563, 0.8588165433715143)
(31, 0.534858556191065, 1.1689699457413858, 0.8570583290575485)
(32, 0.5331323749162673, 1.1698171026569362, 0.8687558490577573)
(33, 0.5348327922914412, 1.1690741614062599, 0.8708088523003289)
(34, 0.5293966094708095, 1.1746448615328637, 0.85850447835943)
(35, 0.5376925851496882, 1.1653008390345285, 0.8571599460497082)
(36, 0.5422012675838614, 1.1495915270622734, 0.8666313428796101)
(37, 0.5305817488535065, 1.1666110582066544, 0.841229568101488)
(38, 0.5338280002061112, 1.158554233466615, 0.853456600364073)
(39, 0.5376410573504405, 1.166152997116601, 0.8718771081965669)
(40, 0.538079043644046, 1.1538835594038688, 0.8876723794102067)
(41, 0.537563765651569, 1.1570907805492945, 0.8544765668444617)
(42, 0.5354253619827897, 1.1575775701106716, 0.8499141513946548)
(43, 0.5398052249188438, 1.151879454827916, 0.851788797415889)
(44, 0.5377956407481836, 1.1549531112636613, 0.8596912399180081)
(45, 0.5375895295511929, 1.1536105375085453, 0.853729594480828)
(46, 0.542974184572577, 1.1522917537822088, 0.8480068502350099)
(47, 0.544983768743237, 1.140582388881804, 0.8559286606553829)
(48, 0.5405523780079353, 1.1519971776623326, 0.8471501637996932)
(49, 0.5363528623692482, 1.158347818797585, 0.8511074593544657)
(50, 0.5360694594733859, 1.1480135950552357, 0.854617356799453)
(51, 0.5413252949966507, 1.1483787541869555, 0.8431998793241917)
(52, 0.5419951563868707, 1.1474143903834564, 0.8400369119972196)
(53, 0.5420724480857423, 1.145038084741796, 0.8552533116974462)
(54, 0.5420724480857423, 1.14417554614253, 0.8470834484246113)
(55, 0.5504714793631164, 1.1337947240865696, 0.8475951819684374)
(56, 0.5475343948059979, 1.1331745544270935, 0.8587886735690963)
(57, 0.5419951563868707, 1.1359905558070325, 0.8441700203758681)
(58, 0.5532539805224919, 1.1252556972439538, 0.8722653860076732)
(59, 0.5584325243468852, 1.1166911297466504, 0.8454778157539322)
(60, 0.5620652341938476, 1.1118491939844635, 0.8463211866656395)
(61, 0.5647704436543515, 1.1038740722604774, 0.8353972415278821)
(62, 0.5625805121863245, 1.1108892850204766, 0.8348313945231457)
(63, 0.5672695419178647, 1.10106280712977, 0.8253849686293224)
(64, 0.5659555830370485, 1.1063181395606132, 0.8395769856758835)
(65, 0.5693048899881487, 1.0975995802253786, 0.845409248915331)
(66, 0.567552944813727, 1.0936684502982523, 0.8445337611775318)
(67, 0.5334157778121297, 1.1800535926935571, 1.1158065575982299)
(68, 0.5217704951821508, 1.2167485909445397, 0.9131252243477549)
(69, 0.54279383727521, 1.163246965175636, 0.8707483205047819)
(70, 0.5506775905601072, 1.1436134728016591, 0.8785474480248894)
(71, 0.5547740506002988, 1.1421086568628762, 0.866525513928268)
(72, 0.5533828000206111, 1.1469461459667163, 0.8745857271039768)
(73, 0.5580460658525275, 1.1359462331135477, 0.8644057242271765)
(74, 0.5557788426856289, 1.1318508796688524, 0.8665950871696119)
(75, 0.559978358324316, 1.1227152285786535, 0.8574273327664409)
(76, 0.5567578708713351, 1.130224430364493, 0.8924872903355824)
(77, 0.5604678724171691, 1.1194146548309971, 0.8594790427838725)
(78, 0.5646673880558561, 1.1173270394350021, 0.8681041858280232)
(79, 0.5637914154686453, 1.1173477360096973, 0.8507087784496322)
(80, 0.565543360643067, 1.1069101743379846, 0.8578835673907437)
(81, 0.5702066264749832, 1.1000360369033693, 0.84540292890179)
(82, 0.5649507909517184, 1.1017330420930684, 0.8407369999357638)
(83, 0.5603648168186737, 1.1117099107151414, 0.8553810906474103)
(84, 0.5635853042716545, 1.119577131733867, 1.0936033039936501)
(85, 0.559978358324316, 1.1197901011546414, 0.846341263492854)
(86, 0.5645385685577369, 1.1029201691704658, 0.842373514818424)
(87, 0.5640232905652599, 1.1083530810322189, 0.8952802497424023)
(88, 0.5638944710671407, 1.107227966850385, 0.8584886749792281)
(89, 0.5645900963569845, 1.1136261281203845, 0.8552480053391197)
(90, 0.5653114855464523, 1.115117770193644, 0.8617400392996709)
(91, 0.5650538465502138, 1.110477514342274, 0.8419293276524097)
(92, 0.5607512753130314, 1.1180279923685192, 0.8485932511905321)
(93, 0.5636110681712784, 1.1105297742402953, 0.8402109466470862)
(94, 0.5617818312979853, 1.116287253898023, 0.844814789690032)
(95, 0.56603287473592, 1.1088051877922769, 0.8556974419332848)
(96, 0.5676817643118462, 1.1083198592112642, 0.8410599772234523)
(97, 0.5630442623795537, 1.108828640976601, 0.8580266088992127)
(98, 0.5607770392126552, 1.1195941025606404, 0.8602876327828219)
(99, 0.5663935693306539, 1.0995683280994222, 0.8519892638354747)
(100, 0.5696140567836347, 1.0987511695081749, 0.8570781152119136)
